('44_symmetric_max3', (0.0, 0.0), inf, 1)
('45_symmetric_max3', (0.0, 0.0), inf, 1)
('46_symmetric_max3', (0.0, 0.0), inf, 1)
('45_symmetric_nomax', (0.0, 0.0), inf, 1)
('44_symmetric_nomax', (0.0, 0.0), inf, 1)
('43_symmetric_max3', (0.0, 0.0), inf, 1)
('77_symmetric_max3', (0.011, 0.011), 9782.0, 3)
('76_symmetric_max3', (0.011, 0.011), 10137.0, 3)
('74_symmetric_max3', (0.012, 0.012), 10397.0, 3)
('75_symmetric_max3', (0.012, 0.012), 10013.0, 3)
('73_symmetric_max3', (0.012, 0.012), 10811.0, 3)
('71_symmetric_max3', (0.013000000000000001, 0.013000000000000001), 11181.0, 3)
('72_symmetric_max3', (0.013000000000000001, 0.013000000000000001), 10722.0, 3)
('70_symmetric_max3', (0.014, 0.014), 11135.0, 3)
('69_symmetric_max3', (0.015, 0.015), 11123.0, 3)
('88_symmetric_max3', (0.0, 0.0), 18600.0, 1)
('67_symmetric_max3', (0.017, 0.017), 11195.0, 3)
('68_symmetric_nomax', (0.016, 0.016), 13000.0, 5)
('96_symmetric_max3', (0.0, 0.0), 18600.0, 1)
('99_symmetric_max3', (0.0, 0.0), 18600.0, 1)
('84_symmetric_max3', (0.002, 0.002), 13089.0, 3)
('68_symmetric_max3', (0.016, 0.016), 11144.0, 3)
('85_symmetric_max3', (0.001, 0.001), 14129.0, 3)
('66_symmetric_max3', (0.018000000000000002, 0.018000000000000002), 11332.0, 3)
('92_symmetric_max3', (0.0, 0.0), 18600.0, 1)
('93_symmetric_max3', (0.0, 0.0), 18600.0, 1)
('98_symmetric_max3', (0.0, 0.0), 18600.0, 1)
('90_symmetric_max3', (0.0, 0.0), 18600.0, 1)
('67_symmetric_nomax', (0.017, 0.017), 12723.0, 5)
('65_symmetric_max3', (0.019, 0.019), 11516.0, 3)
('66_symmetric_nomax', (0.018000000000000002, 0.018000000000000002), 12732.0, 4)
('80_symmetric_max3', (0.011, 0.011), 8847.0, 3)
('47_symmetric_max3', (0.043000000000000003, 0.043000000000000003), 7024.0, 1)
('64_symmetric_max3', (0.021, 0.021), 11378.0, 3)
('65_symmetric_nomax', (0.019, 0.019), 12916.0, 4)
('81_symmetric_max3', (0.01, 0.01), 8975.0, 3)
('79_symmetric_nomax', (0.011, 0.011), 12120.0, 5)
('79_symmetric_max3', (0.011, 0.011), 9139.0, 3)
('82_symmetric_max3', (0.01, 0.01), 8696.0, 3)
('46_symmetric_nomax', (0.0, 0.0), inf, 1)
('63_symmetric_max3', (0.023, 0.023), 11264.0, 3)
('83_symmetric_max3', (0.01, 0.01), 8431.0, 3)
('64_symmetric_nomax', (0.021, 0.021), 12778.0, 4)
('81_symmetric_nomax', (0.01, 0.01), 12079.0, 5)
('95_symmetric_max3', (0.0, 0.0), 18600.0, 1)
('77_symmetric_nomax', (0.011, 0.011), 12759.0, 5)
('83_symmetric_nomax', (0.01, 0.01), 11600.0, 6)
('76_symmetric_nomax', (0.01, 0.01), 13000.0, 5)
('62_symmetric_max3', (0.025, 0.025), 11161.0, 3)
('71_symmetric_nomax', (0.013000000000000001, 0.013000000000000001), 13000.0, 5)
('97_symmetric_max3', (0.0, 0.0), 18600.0, 1)
('78_symmetric_nomax', (0.011, 0.011), 12431.0, 5)
('63_symmetric_nomax', (0.023, 0.023), 12664.0, 4)
('82_symmetric_nomax', (0.01, 0.01), 11792.0, 5)
('72_symmetric_nomax', (0.012, 0.012), 13000.0, 5)
('75_symmetric_nomax', (0.012, 0.012), 12852.0, 5)
('100_symmetric_max3', (0.0, 0.0), 18600.0, 1)
('80_symmetric_nomax', (0.011, 0.011), 11827.0, 5)
('74_symmetric_nomax', (0.011, 0.011), 13000.0, 5)
('62_symmetric_nomax', (0.025, 0.025), 11161.0, 3)
('73_symmetric_nomax', (0.011, 0.011), 13000.0, 5)
('84_symmetric_nomax', (0.01, 0.01), 11600.0, 6)
('48_symmetric_max3', (0.052000000000000005, 0.052000000000000005), 6138.0, 1)
('90_symmetric_max3', (0.0, 0.0), 18600.0, 1)
('61_symmetric_max3', (0.027, 0.027), 11058.0, 3)
('70_symmetric_nomax', (0.014, 0.014), 13000.0, 5)
('94_symmetric_max3', (0.0, 0.0), 18600.0, 1)
('90_symmetric_nomax', (0.009000000000000001, 0.009000000000000001), 11499.0, 6)
('88_symmetric_nomax', (0.008, 0.008), 11600.0, 6)
('89_symmetric_max3', (0.0, 0.0), 18600.0, 1)
('87_symmetric_max3', (0.001, 0.001), 13064.0, 3)
('61_symmetric_nomax', (0.027, 0.027), 11058.0, 3)
('60_symmetric_max3', (0.029, 0.029), 10944.0, 3)
('69_symmetric_nomax', (0.015, 0.015), 13000.0, 5)
('86_symmetric_max3', (0.001, 0.001), 13578.0, 3)
('49_symmetric_max3', (0.06, 0.06), 6807.0, 2)
('60_symmetric_nomax', (0.029, 0.029), 10944.0, 3)
('59_symmetric_max3', (0.032, 0.032), 10636.0, 3)
('78_symmetric_max3', (0.011, 0.011), 9451.0, 3)
('59_symmetric_nomax', (0.032, 0.032), 10636.0, 3)
('50_symmetric_max3', (0.067, 0.067), 6181.0, 2)
('57_symmetric_max3', (0.035, 0.035), 10349.0, 3)
('51_symmetric_max3', (0.068, 0.068), 5982.0, 2)
('57_symmetric_max3', (0.038, 0.038), 10070.0, 3)
('57_symmetric_nomax', (0.035, 0.035), 10349.0, 3)
('52_symmetric_max3', (0.063, 0.063), 6216.0, 2)
('47_symmetric_nomax', (0.043000000000000003, 0.043000000000000003), 7024.0, 1)
('55_symmetric_max3', (0.048, 0.048), 7252.0, 2)
('56_symmetric_max3', (0.043000000000000003, 0.043000000000000003), 7905.0, 2)
('54_symmetric_max3', (0.052000000000000005, 0.052000000000000005), 6877.0, 2)
('53_symmetric_max3', (0.057, 0.057), 6570.0, 2)
('54_symmetric_nomax', (0.052000000000000005, 0.052000000000000005), 6877.0, 2)
('56_symmetric_nomax', (0.043000000000000003, 0.043000000000000003), 7905.0, 2)
('57_symmetric_nomax', (0.038, 0.038), 10070.0, 3)
('53_symmetric_nomax', (0.057, 0.057), 6570.0, 2)
('55_symmetric_nomax', (0.048, 0.048), 7252.0, 2)
('48_symmetric_nomax', (0.052000000000000005, 0.052000000000000005), 6138.0, 1)
('49_symmetric_nomax', (0.06, 0.06), 6807.0, 2)
('52_symmetric_nomax', (0.063, 0.063), 6216.0, 2)
('50_symmetric_nomax', (0.067, 0.067), 6181.0, 2)
('85_symmetric_nomax', (0.009000000000000001, 0.009000000000000001), 11600.0, 6)
('96_symmetric_nomax', (0.009000000000000001, 0.009000000000000001), 10577.0, 6)
('51_symmetric_nomax', (0.068, 0.068), 5982.0, 2)
('94_symmetric_nomax', (0.009000000000000001, 0.009000000000000001), 10924.0, 6)
('97_symmetric_nomax', (0.009000000000000001, 0.009000000000000001), 10413.0, 6)
('95_symmetric_nomax', (0.009000000000000001, 0.009000000000000001), 10747.0, 6)
('89_symmetric_nomax', (0.01, 0.01), 11520.0, 6)
('90_symmetric_nomax', (0.007, 0.007), 11600.0, 6)
('98_symmetric_nomax', (0.009000000000000001, 0.009000000000000001), 10255.0, 6)
('93_symmetric_nomax', (0.009000000000000001, 0.009000000000000001), 11108.0, 6)
('99_symmetric_nomax', (0.009000000000000001, 0.009000000000000001), 10200.0, 7)
('86_symmetric_nomax', (0.009000000000000001, 0.009000000000000001), 11600.0, 6)
('92_symmetric_nomax', (0.009000000000000001, 0.009000000000000001), 11299.0, 6)
('87_symmetric_nomax', (0.009000000000000001, 0.009000000000000001), 11600.0, 6)
('44_asymmetric_max3', (0.0, 0.0), inf, 1)
('44_symmetric_max2', (0.0, 0.0), inf, 1)
('45_asymmetric_max3', (0.0, 0.0), inf, 1)
('45_symmetric_max2', (0.0, 0.0), inf, 1)
('46_asymmetric_max3', (0.0, 0.0), inf, 1)
('46_symmetric_max2', (0.0, 0.0), inf, 1)
('43_asymmetric_max3', (0.0, 0.0), inf, 1)
('43_symmetric_max2', (0.0, 0.0), inf, 1)
('44_asymmetric_nomax', (0.0, 0.0), inf, 1)
('44_symmetric_nomax', (0.0, 0.0), inf, 1)
('45_asymmetric_nomax', (0.0, 0.0), inf, 1)
('45_symmetric_nomax', (0.0, 0.0), inf, 1)
('46_asymmetric_nomax', (0.0, 0.0), inf, 1)
('46_symmetric_nomax', (0.0, 0.0), inf, 1)
('44_asymmetric_max2', (0.0, 0.0), inf, 1)
('47_asymmetric_max3', (0.043000000000000003, 0.076), 5224.0, 1)
('47_symmetric_max2', (0.043000000000000003, 0.043000000000000003), 7024.0, 1)
('76_asymmetric_max3', (0.099, 0.023), 5795.0, 2)
('77_asymmetric_max3', (0.099, 0.022), 5763.0, 2)
('45_asymmetric_max2', (0.0, 0.0), inf, 1)
('76_symmetric_max2', (0.001, 0.001), 15944.0, 2)
('77_symmetric_max2', (0.001, 0.001), 15111.0, 2)
('74_asymmetric_max3', (0.098, 0.024), 5996.0, 2)
('75_asymmetric_max3', (0.097, 0.023), 5963.0, 2)
('74_symmetric_max2', (0.002, 0.002), 15392.0, 2)
('75_symmetric_max2', (0.002, 0.002), 14592.0, 2)
('73_asymmetric_max3', (0.098, 0.025), 6033.0, 2)
('73_symmetric_max2', (0.012, 0.012), 8699.0, 2)
('72_asymmetric_max3', (0.098, 0.026000000000000002), 6071.0, 2)
('72_symmetric_max2', (0.013000000000000001, 0.013000000000000001), 8757.0, 2)
('71_asymmetric_max3', (0.099, 0.028), 5983.0, 2)
('71_symmetric_max2', (0.013000000000000001, 0.013000000000000001), 9224.0, 2)
('70_asymmetric_max3', (0.099, 0.029), 6020.0, 2)
('70_symmetric_max2', (0.014, 0.014), 9320.0, 2)
('46_asymmetric_max2', (0.0, 0.0), inf, 1)
('48_asymmetric_max3', (0.052000000000000005, 0.075), 4915.0, 1)
('69_asymmetric_max3', (0.099, 0.03), 6064.0, 2)
('69_symmetric_max2', (0.015, 0.015), 9441.0, 2)
('48_symmetric_max2', (0.052000000000000005, 0.052000000000000005), 6138.0, 1)
('67_asymmetric_max3', (0.099, 0.033), 6023.0, 2)
('68_asymmetric_max3', (0.099, 0.032), 5982.0, 2)
('67_symmetric_max2', (0.017, 0.017), 9752.0, 2)
('68_symmetric_max2', (0.016, 0.016), 9586.0, 2)
('66_asymmetric_max3', (0.099, 0.019), 5712.0, 1)
('66_symmetric_max2', (0.018000000000000002, 0.018000000000000002), 9932.0, 2)
('65_asymmetric_max3', (0.099, 0.023), 5387.0, 1)
('97_asymmetric_max3', (0.069, 0.012), 6021.0, 3)
('49_asymmetric_max3', (0.06, 0.073), 4721.0, 1)
('96_asymmetric_max3', (0.097, 0.015), 6123.0, 3)
('68_asymmetric_nomax', (0.099, 0.032), 5982.0, 2)
('95_asymmetric_max3', (0.096, 0.015), 6234.0, 3)
('65_symmetric_max2', (0.019, 0.019), 10116.0, 2)
('97_symmetric_max2', (0.0, 0.0), 18600.0, 1)
('94_asymmetric_max3', (0.094, 0.015), 6335.0, 3)
('90_asymmetric_max3', (0.099, 0.01), 5729.0, 2)
('92_asymmetric_max3', (0.099, 0.008), 6119.0, 2)
('68_symmetric_nomax', (0.001, 0.001), 16720.0, 1)
('49_symmetric_max2', (0.06, 0.06), 6807.0, 2)
('96_symmetric_max2', (0.0, 0.0), 18600.0, 1)
('90_asymmetric_max3', (0.099, 0.011), 5642.0, 2)
('95_symmetric_max2', (0.0, 0.0), 18600.0, 1)
('99_asymmetric_max3', (0.07100000000000001, 0.012), 5803.0, 3)
('94_symmetric_max2', (0.0, 0.0), 18600.0, 1)
('67_asymmetric_nomax', (0.099, 0.033), 6023.0, 2)
('92_symmetric_max2', (0.0, 0.0), 18600.0, 1)
('90_symmetric_max2', (0.0, 0.0), 18600.0, 1)
('90_symmetric_max2', (0.0, 0.0), 18600.0, 1)
('99_symmetric_max2', (0.0, 0.0), 18600.0, 1)
('67_symmetric_nomax', (0.001, 0.001), 17523.0, 1)
('88_asymmetric_max3', (0.099, 0.014), 5317.0, 2)
('64_asymmetric_max3', (0.099, 0.027), 5126.0, 1)
('98_asymmetric_max3', (0.07, 0.012), 5910.0, 3)
('66_asymmetric_nomax', (0.099, 0.019), 5712.0, 1)
('93_asymmetric_max3', (0.099, 0.007), 6277.0, 2)
('89_asymmetric_max3', (0.099, 0.013000000000000001), 5364.0, 2)
('88_symmetric_max2', (0.0, 0.0), 18600.0, 1)
('64_symmetric_max2', (0.021, 0.021), 9978.0, 2)
('98_symmetric_max2', (0.0, 0.0), 18600.0, 1)
('66_symmetric_nomax', (0.002, 0.002), 15460.0, 1)
('93_symmetric_max2', (0.0, 0.0), 18600.0, 1)
('87_asymmetric_max3', (0.099, 0.016), 5104.0, 2)
('65_asymmetric_nomax', (0.099, 0.023), 5387.0, 1)
('89_symmetric_max2', (0.0, 0.0), 18600.0, 1)
('63_asymmetric_max3', (0.099, 0.031), 4911.0, 1)
('84_asymmetric_max3', (0.096, 0.018000000000000002), 5206.0, 2)
('65_symmetric_nomax', (0.002, 0.002), 16046.0, 1)
('87_symmetric_max2', (0.0, 0.0), 18600.0, 1)
('63_symmetric_max2', (0.023, 0.023), 9864.0, 2)
('84_symmetric_max2', (0.0, 0.0), 18600.0, 1)
('43_asymmetric_max2', (0.0, 0.0), inf, 1)
('82_asymmetric_max3', (0.097, 0.019), 5371.0, 2)
('50_asymmetric_max3', (0.067, 0.051000000000000004), 5660.0, 1)
('81_asymmetric_max3', (0.097, 0.019), 5519.0, 2)
('82_symmetric_max2', (0.0, 0.0), 18600.0, 1)
('83_asymmetric_nomax', (0.094, 0.018000000000000002), 5345.0, 2)
('83_asymmetric_max3', (0.094, 0.018000000000000002), 5345.0, 2)
('85_asymmetric_max3', (0.099, 0.018000000000000002), 5073.0, 2)
('81_symmetric_max2', (0.0, 0.0), 18600.0, 1)
('50_symmetric_max2', (0.067, 0.067), 6181.0, 2)
('83_symmetric_nomax', (0.0, 0.0), 18600.0, 1)
('83_symmetric_max2', (0.0, 0.0), 18600.0, 1)
('85_symmetric_max2', (0.0, 0.0), 18600.0, 1)
('47_asymmetric_nomax', (0.043000000000000003, 0.076), 5224.0, 1)
('79_asymmetric_max3', (0.097, 0.02), 5701.0, 2)
('80_asymmetric_max3', (0.098, 0.02), 5546.0, 2)
('79_asymmetric_nomax', (0.097, 0.02), 5701.0, 2)
('44_asymmetric_nomax', (0.0, 0.0), inf, 1)
('86_asymmetric_max3', (0.099, 0.017), 5082.0, 2)
('62_asymmetric_max3', (0.099, 0.035), 4730.0, 1)
('47_symmetric_nomax', (0.043000000000000003, 0.043000000000000003), 7024.0, 1)
('79_symmetric_max2', (0.0, 0.0), 18600.0, 1)
('64_asymmetric_nomax', (0.099, 0.027), 5126.0, 1)
('81_asymmetric_nomax', (0.097, 0.019), 5519.0, 2)
('79_symmetric_nomax', (0.0, 0.0), 18600.0, 1)
('80_symmetric_max2', (0.0, 0.0), 18600.0, 1)
('84_asymmetric_nomax', (0.096, 0.018000000000000002), 5206.0, 2)
('86_symmetric_max2', (0.0, 0.0), 18600.0, 1)
('64_symmetric_nomax', (0.003, 0.003), 14909.0, 1)
('62_symmetric_max2', (0.025, 0.025), 9761.0, 2)
('81_symmetric_nomax', (0.0, 0.0), 18600.0, 1)
('82_asymmetric_nomax', (0.097, 0.019), 5371.0, 2)
('45_asymmetric_nomax', (0.0, 0.0), inf, 1)
('78_asymmetric_max3', (0.098, 0.021), 5730.0, 2)
('84_symmetric_nomax', (0.0, 0.0), 18600.0, 1)
('77_asymmetric_nomax', (0.099, 0.022), 5763.0, 2)
('76_asymmetric_nomax', (0.099, 0.023), 5795.0, 2)
('82_symmetric_nomax', (0.0, 0.0), 18600.0, 1)
('80_asymmetric_nomax', (0.098, 0.02), 5546.0, 2)
('78_symmetric_max2', (0.001, 0.001), 14335.0, 2)
('77_symmetric_nomax', (0.0, 0.0), 18600.0, 1)
('78_asymmetric_nomax', (0.098, 0.021), 5730.0, 2)
('76_symmetric_nomax', (0.0, 0.0), 18600.0, 1)
('80_symmetric_nomax', (0.0, 0.0), 18600.0, 1)
('61_asymmetric_max3', (0.099, 0.039), 4574.0, 1)
('78_symmetric_nomax', (0.0, 0.0), 18600.0, 1)
('63_asymmetric_nomax', (0.099, 0.031), 4911.0, 1)
('61_symmetric_max2', (0.027, 0.027), 9658.0, 2)
('63_symmetric_nomax', (0.003, 0.003), 15289.0, 1)
('51_asymmetric_max3', (0.073, 0.053), 5329.0, 1)
('62_asymmetric_nomax', (0.099, 0.035), 4730.0, 1)
('62_symmetric_nomax', (0.005, 0.005), 13600.0, 1)
('75_asymmetric_nomax', (0.097, 0.023), 5963.0, 2)
('51_symmetric_max2', (0.068, 0.068), 5982.0, 2)
('73_asymmetric_nomax', (0.098, 0.025), 6033.0, 2)
('75_symmetric_nomax', (0.0, 0.0), 18600.0, 1)
('74_asymmetric_nomax', (0.098, 0.024), 5996.0, 2)
('73_symmetric_nomax', (0.0, 0.0), 18600.0, 1)
('60_asymmetric_max3', (0.099, 0.043000000000000003), 4439.0, 1)
('74_symmetric_nomax', (0.0, 0.0), 18600.0, 1)
('72_asymmetric_nomax', (0.098, 0.026000000000000002), 6071.0, 2)
('60_symmetric_max2', (0.029, 0.029), 9544.0, 2)
('100_asymmetric_max3', (0.07200000000000001, 0.012), 5700.0, 3)
('72_symmetric_nomax', (0.0, 0.0), 18600.0, 1)
('52_asymmetric_max3', (0.079, 0.055), 5002.0, 1)
('100_symmetric_max2', (0.0, 0.0), 18600.0, 1)
('71_asymmetric_nomax', (0.099, 0.028), 5983.0, 2)
('53_asymmetric_max3', (0.083, 0.055), 4826.0, 1)
('52_symmetric_max2', (0.063, 0.063), 6216.0, 2)
('46_asymmetric_nomax', (0.0, 0.0), inf, 1)
('71_symmetric_nomax', (0.0, 0.0), 18600.0, 1)
('61_asymmetric_nomax', (0.099, 0.039), 4574.0, 1)
('53_symmetric_max2', (0.057, 0.057), 6570.0, 2)
('60_asymmetric_nomax', (0.099, 0.043000000000000003), 4439.0, 1)
('70_asymmetric_nomax', (0.099, 0.029), 6020.0, 2)
('54_asymmetric_max3', (0.08700000000000001, 0.055), 4647.0, 1)
('61_symmetric_nomax', (0.01, 0.01), 11158.0, 1)
('70_symmetric_nomax', (0.0, 0.0), 18600.0, 1)
('60_symmetric_nomax', (0.015, 0.015), 9803.0, 1)
('48_asymmetric_nomax', (0.052000000000000005, 0.075), 4915.0, 1)
('59_asymmetric_max3', (0.099, 0.047), 4319.0, 1)
('54_symmetric_max2', (0.052000000000000005, 0.052000000000000005), 6877.0, 2)
('69_asymmetric_nomax', (0.099, 0.03), 6064.0, 2)
('59_symmetric_max2', (0.032, 0.032), 9236.0, 2)
('48_symmetric_nomax', (0.052000000000000005, 0.052000000000000005), 6138.0, 1)
('57_asymmetric_max3', (0.098, 0.05), 4283.0, 1)
('59_asymmetric_nomax', (0.099, 0.047), 4319.0, 1)
('69_symmetric_nomax', (0.001, 0.001), 15849.0, 1)
('55_asymmetric_max3', (0.091, 0.055), 4468.0, 1)
('57_symmetric_max2', (0.035, 0.035), 8949.0, 2)
('59_symmetric_nomax', (0.02, 0.02), 8888.0, 1)
('55_symmetric_max2', (0.048, 0.048), 7252.0, 2)
('54_asymmetric_nomax', (0.08700000000000001, 0.055), 4647.0, 1)
('57_asymmetric_max3', (0.096, 0.052000000000000005), 4321.0, 1)
('54_symmetric_nomax', (0.048, 0.048), 5927.0, 1)
('53_asymmetric_nomax', (0.083, 0.055), 4826.0, 1)
('57_symmetric_max2', (0.038, 0.038), 8670.0, 2)
('56_asymmetric_max3', (0.094, 0.054), 4359.0, 1)
('53_symmetric_nomax', (0.055, 0.055), 5362.0, 1)
('56_symmetric_max2', (0.043000000000000003, 0.043000000000000003), 7905.0, 2)
('57_asymmetric_nomax', (0.098, 0.05), 4283.0, 1)
('57_symmetric_nomax', (0.025, 0.025), 8209.0, 1)
('55_asymmetric_nomax', (0.091, 0.055), 4468.0, 1)
('57_asymmetric_nomax', (0.096, 0.052000000000000005), 4321.0, 1)
('56_asymmetric_nomax', (0.094, 0.054), 4359.0, 1)
('55_symmetric_nomax', (0.041, 0.041), 6638.0, 1)
('57_symmetric_nomax', (0.03, 0.03), 7678.0, 1)
('49_asymmetric_nomax', (0.06, 0.073), 4721.0, 1)
('56_symmetric_nomax', (0.034, 0.034), 7372.0, 1)
('49_symmetric_nomax', (0.06, 0.06), 5407.0, 1)
('50_asymmetric_nomax', (0.067, 0.051000000000000004), 5660.0, 1)
('51_asymmetric_nomax', (0.073, 0.053), 5329.0, 1)
('50_symmetric_nomax', (0.067, 0.067), 4781.0, 1)
('51_symmetric_nomax', (0.067, 0.067), 4655.0, 1)
('77_asymmetric_max2', (0.099, 0.022), 5763.0, 2)
('52_asymmetric_nomax', (0.079, 0.055), 5002.0, 1)
('76_asymmetric_max2', (0.099, 0.023), 5795.0, 2)
('47_asymmetric_max2', (0.043000000000000003, 0.076), 5224.0, 1)
('52_symmetric_nomax', (0.062, 0.062), 4900.0, 1)
('75_asymmetric_max2', (0.097, 0.023), 5963.0, 2)
('74_asymmetric_max2', (0.098, 0.024), 5996.0, 2)
('73_asymmetric_max2', (0.098, 0.025), 6033.0, 2)
('72_asymmetric_max2', (0.098, 0.026000000000000002), 6071.0, 2)
('71_asymmetric_max2', (0.099, 0.028), 5983.0, 2)
('70_asymmetric_max2', (0.099, 0.029), 6020.0, 2)
('68_asymmetric_nomax', (0.099, 0.012), 6493.0, 1)
('67_asymmetric_nomax', (0.099, 0.016), 5963.0, 1)
('69_asymmetric_max2', (0.099, 0.03), 6064.0, 2)
('48_asymmetric_max2', (0.052000000000000005, 0.075), 4915.0, 1)
('66_asymmetric_nomax', (0.099, 0.02), 5573.0, 1)
('83_asymmetric_nomax', (0.099, 0.0), 18036.0, 1)
('68_asymmetric_max2', (0.099, 0.032), 5982.0, 2)
('97_asymmetric_max2', (0.099, 0.002), 8367.0, 2)
('67_asymmetric_max2', (0.099, 0.033), 6023.0, 2)
('65_asymmetric_nomax', (0.099, 0.024), 5268.0, 1)
('95_asymmetric_max2', (0.099, 0.004), 7226.0, 2)
('94_asymmetric_max2', (0.099, 0.006), 6474.0, 2)
('96_asymmetric_max2', (0.099, 0.003), 7681.0, 2)
('92_asymmetric_max2', (0.099, 0.009000000000000001), 5835.0, 2)
('90_asymmetric_max2', (0.099, 0.01), 5729.0, 2)
('99_asymmetric_max2', (0.097, 0.001), 9361.0, 2)
('66_asymmetric_max2', (0.099, 0.019), 5712.0, 1)
('79_asymmetric_nomax', (0.099, 0.0), 18036.0, 1)
('92_asymmetric_nomax', (0.099, 0.008), 6119.0, 2)
('84_asymmetric_nomax', (0.099, 0.0), 18036.0, 1)
('90_asymmetric_max2', (0.099, 0.012), 5423.0, 2)
('88_asymmetric_max2', (0.099, 0.015), 5133.0, 2)
('81_asymmetric_nomax', (0.099, 0.0), 18036.0, 1)
('93_asymmetric_max2', (0.099, 0.007), 6277.0, 2)
('89_asymmetric_max2', (0.099, 0.013000000000000001), 5364.0, 2)
('82_asymmetric_nomax', (0.099, 0.0), 18036.0, 1)
('92_symmetric_nomax', (0.0, 0.0), 18600.0, 1)
('87_asymmetric_max2', (0.099, 0.016), 5104.0, 2)
('78_asymmetric_nomax', (0.099, 0.0), 18036.0, 1)
('76_asymmetric_nomax', (0.099, 0.0), 18036.0, 1)
('77_asymmetric_nomax', (0.099, 0.0), 18036.0, 1)
('80_asymmetric_nomax', (0.099, 0.0), 18036.0, 1)
('65_asymmetric_max2', (0.099, 0.023), 5387.0, 1)
('98_asymmetric_max2', (0.094, 0.001), 9523.0, 2)
('49_asymmetric_max2', (0.06, 0.073), 4721.0, 1)
('84_asymmetric_max2', (0.096, 0.018000000000000002), 5206.0, 2)
('82_asymmetric_max2', (0.097, 0.019), 5371.0, 2)
('64_asymmetric_nomax', (0.099, 0.028), 5023.0, 1)
('81_asymmetric_max2', (0.097, 0.019), 5519.0, 2)
('85_asymmetric_max2', (0.099, 0.018000000000000002), 5073.0, 2)
('83_asymmetric_max2', (0.094, 0.018000000000000002), 5345.0, 2)
('90_asymmetric_nomax', (0.099, 0.01), 5729.0, 2)
('64_asymmetric_max2', (0.099, 0.027), 5126.0, 1)
('90_symmetric_nomax', (0.0, 0.0), 18600.0, 1)
('75_asymmetric_nomax', (0.099, 0.0), 18036.0, 1)
('86_asymmetric_max2', (0.098, 0.017), 5063.0, 2)
('73_asymmetric_nomax', (0.099, 0.0), 18036.0, 1)
('63_asymmetric_max2', (0.099, 0.031), 4911.0, 1)
('74_asymmetric_nomax', (0.099, 0.0), 18036.0, 1)
('63_asymmetric_nomax', (0.099, 0.032), 4819.0, 1)
('80_asymmetric_max2', (0.098, 0.02), 5546.0, 2)
('79_asymmetric_max2', (0.097, 0.02), 5701.0, 2)
('86_asymmetric_nomax', (0.099, 0.017), 5082.0, 2)
('96_asymmetric_nomax', (0.097, 0.015), 6123.0, 3)
('72_asymmetric_nomax', (0.099, 0.0), 18036.0, 1)
('50_asymmetric_max2', (0.067, 0.051000000000000004), 5660.0, 1)
('62_asymmetric_nomax', (0.099, 0.036000000000000004), 4646.0, 1)
('86_symmetric_nomax', (0.0, 0.0), 18600.0, 1)
('96_symmetric_nomax', (0.0, 0.0), 18600.0, 1)
('78_asymmetric_max2', (0.098, 0.021), 5730.0, 2)
('99_asymmetric_nomax', (0.082, 0.013000000000000001), 5848.0, 3)
('71_asymmetric_nomax', (0.099, 0.0), 18036.0, 1)
('47_asymmetric_nomax', (0.043000000000000003, 0.076), 5224.0, 1)
('99_symmetric_nomax', (0.0, 0.0), 18600.0, 1)
('62_asymmetric_max2', (0.099, 0.035), 4730.0, 1)
('95_asymmetric_nomax', (0.096, 0.015), 6234.0, 3)
('97_asymmetric_nomax', (0.099, 0.015), 6029.0, 3)
('95_symmetric_nomax', (0.0, 0.0), 18600.0, 1)
('97_symmetric_nomax', (0.0, 0.0), 18600.0, 1)
('70_asymmetric_nomax', (0.099, 0.004), 8724.0, 1)
('98_asymmetric_nomax', (0.081, 0.013000000000000001), 5953.0, 3)
('87_asymmetric_nomax', (0.099, 0.016), 5104.0, 2)
('98_symmetric_nomax', (0.0, 0.0), 18600.0, 1)
('88_asymmetric_nomax', (0.099, 0.014), 5317.0, 2)
('89_asymmetric_nomax', (0.099, 0.013000000000000001), 5364.0, 2)
('87_symmetric_nomax', (0.0, 0.0), 18600.0, 1)
('89_symmetric_nomax', (0.0, 0.0), 18600.0, 1)
('88_symmetric_nomax', (0.0, 0.0), 18600.0, 1)
('94_asymmetric_nomax', (0.094, 0.015), 6335.0, 3)
('90_asymmetric_nomax', (0.099, 0.011), 5642.0, 2)
('69_asymmetric_nomax', (0.099, 0.008), 7284.0, 1)
('100_asymmetric_max2', (0.099, 0.001), 9187.0, 2)
('94_symmetric_nomax', (0.0, 0.0), 18600.0, 1)
('85_asymmetric_nomax', (0.099, 0.018000000000000002), 5073.0, 2)
('61_asymmetric_max2', (0.099, 0.039), 4574.0, 1)
('93_asymmetric_nomax', (0.099, 0.007), 6277.0, 2)
('90_symmetric_nomax', (0.0, 0.0), 18600.0, 1)
('51_asymmetric_max2', (0.073, 0.053), 5329.0, 1)
('85_symmetric_nomax', (0.0, 0.0), 18600.0, 1)
('93_symmetric_nomax', (0.0, 0.0), 18600.0, 1)
('61_asymmetric_nomax', (0.099, 0.04), 4497.0, 1)
('60_asymmetric_nomax', (0.099, 0.043000000000000003), 4439.0, 1)
('60_asymmetric_max2', (0.099, 0.043000000000000003), 4439.0, 1)
('52_asymmetric_max2', (0.079, 0.055), 5002.0, 1)
('59_asymmetric_nomax', (0.099, 0.047), 4319.0, 1)
('53_asymmetric_max2', (0.083, 0.055), 4826.0, 1)
('48_asymmetric_nomax', (0.052000000000000005, 0.075), 4915.0, 1)
('54_asymmetric_max2', (0.08700000000000001, 0.055), 4647.0, 1)
('59_asymmetric_max2', (0.099, 0.047), 4319.0, 1)
('54_asymmetric_nomax', (0.08700000000000001, 0.062), 4246.0, 1)
('57_asymmetric_max2', (0.098, 0.05), 4283.0, 1)
('53_asymmetric_nomax', (0.083, 0.064), 4319.0, 1)
('55_asymmetric_max2', (0.091, 0.055), 4468.0, 1)
('57_asymmetric_nomax', (0.098, 0.051000000000000004), 4220.0, 1)
('57_asymmetric_max2', (0.096, 0.052000000000000005), 4321.0, 1)
('57_asymmetric_nomax', (0.096, 0.054), 4198.0, 1)
('56_asymmetric_nomax', (0.094, 0.057), 4181.0, 1)
('55_asymmetric_nomax', (0.091, 0.06), 4179.0, 1)
('56_asymmetric_max2', (0.094, 0.054), 4359.0, 1)
('49_asymmetric_nomax', (0.06, 0.073), 4721.0, 1)
('50_asymmetric_nomax', (0.067, 0.07100000000000001), 4569.0, 1)
('51_asymmetric_nomax', (0.073, 0.069), 4450.0, 1)
('52_asymmetric_nomax', (0.079, 0.067), 4340.0, 1)
('92_asymmetric_nomax', (0.099, 0.0), 18036.0, 1)
('99_asymmetric_nomax', (0.099, 0.0), 18036.0, 1)
('90_asymmetric_nomax', (0.099, 0.0), 18036.0, 1)
('96_asymmetric_nomax', (0.099, 0.0), 18036.0, 1)
('98_asymmetric_nomax', (0.099, 0.0), 18036.0, 1)
('86_asymmetric_nomax', (0.099, 0.0), 18036.0, 1)
('87_asymmetric_nomax', (0.099, 0.0), 18036.0, 1)
('95_asymmetric_nomax', (0.099, 0.0), 18036.0, 1)
('94_asymmetric_nomax', (0.099, 0.0), 18036.0, 1)
('93_asymmetric_nomax', (0.099, 0.0), 18036.0, 1)
('90_asymmetric_nomax', (0.099, 0.0), 18036.0, 1)
('97_asymmetric_nomax', (0.099, 0.0), 18036.0, 1)
('89_asymmetric_nomax', (0.099, 0.0), 18036.0, 1)
('88_asymmetric_nomax', (0.099, 0.0), 18036.0, 1)
('85_asymmetric_nomax', (0.099, 0.0), 18036.0, 1)
